accuracy:1=0.8981481481481481
accuracy:1=0.8981481481481481
accuracy:1=0.8981481481481481
